0.00 1.01 1.71 1.92 0.89 1.28
1.01 0.00 1.10 1.92 0.91 1.89
1.71 1.10 0.00 1.20 0.92 1.82
1.92 1.92 1.20 0.00 1.11 1.14
0.89 0.91 0.92 1.11 0.00 1.04
1.28 1.89 1.82 1.14 1.04 0.00